%% MATPOWER Case Format : Version 2
function mpc = RTS_GMLC
mpc.version = '2';

%%-----  Power Flow Data  -----%%
%% system MVA base
mpc.baseMVA = 100.0;
%% bus data
%    bus_i    type    Pd    Qd    Gs    Bs    area    Vm    Va    baseKV    zone    Vmax    Vmin
mpc.bus = [
	101	2	31.532544528850874	22.0	0.0	0.0	1	1.04777	-7.74152	138.0	11	1.05	0.95				
	102	2	28.320896474986434	20.0	0.0	0.0	1	1.04783	-7.817840000000001	138.0	12	1.05	0.95				
	103	2	52.55424088141814	37.0	0.0	0.0	1	1.01085	-7.2109	138.0	11	1.05	0.95				
	104	2	21.605632362360783	15.0	0.0	0.0	1	1.01765	-10.56614	138.0	11	1.05	0.95				
	105	1	20.729728347670484	14.000000000000002	0.0	0.0	1	1.03568	-10.70887	138.0	11	1.05	0.95				
	106	1	39.70764866596036	28.000000000000004	0.0	-100.0	1	1.03242	-13.27944	138.0	12	1.05	0.95				
	107	2	18.24800030604796	25.0	0.0	0.0	1	1.03745	-11.27673	138.0	12	1.05	0.95				
	108	1	49.92652883734722	35.0	0.0	0.0	1	1.01024	-13.749670000000002	138.0	12	1.05	0.95				
	109	1	51.094400856934286	36.0	0.0	0.0	1	1.0261	-8.81524	138.0	13	1.05	0.95				
	110	1	56.93376095486964	40.0	0.0	0.0	1	1.05	-10.62063	138.0	13	1.05	0.95				
	111	1	0.0	0.0	0.0	0.0	1	1.02764	-3.9167400000000003	230.0	13	1.05	0.95				
	112	1	0.0	0.0	0.0	0.0	1	1.02024	-2.42424	230.0	13	1.05	0.95				
	113	3	77.37152129764335	54.0	0.0	0.0	1	1.03943	0.0	230.0	14	1.05	0.95				
	114	1	56.64179294997287	39.0	0.0	0.0	1	1.04401	-1.73056	230.0	16	1.05	0.95				
	115	2	92.55385755227526	64.0	0.0	0.0	1	1.04335	7.9597	230.0	16	1.05	0.95				
	116	2	29.19680048967674	20.0	0.0	0.0	1	1.04565	7.56929	230.0	16	1.05	0.95				
	117	1	0.0	0.0	0.0	0.0	1	1.04783	11.43417	230.0	17	1.05	0.95				
	118	2	48.61267281531177	68.0	0.0	0.0	1	1.05	12.52457	230.0	17	1.05	0.95				
	119	2	52.84620888631489	37.0	0.0	0.0	1	1.03962	6.657770000000001	230.0	15	1.05	0.95				
	120	1	37.37190462678622	26.0	0.0	0.0	1	1.04399	7.7406	230.0	15	1.05	0.95				
	121	2	0.0	0.0	0.0	0.0	1	1.05	13.08653	230.0	17	1.05	0.95				
	122	2	0.0	0.0	0.0	0.0	1	1.05	18.94978	230.0	17	1.05	0.95				
	123	2	0.0	0.0	0.0	0.0	1	1.05	9.05617	230.0	15	1.05	0.95				
	124	1	0.0	0.0	0.0	0.0	1	1.01155	2.38339	230.0	16	1.05	0.95				
	125	1	0.0	0.0	0.0	0.0	1	1.02764	-3.9167400000000003	230.0	13	1.05	0.95				
	126	2	0.0	0.0	0.0	0.0	1	1.05	9.05617	230.0	15	1.05	0.95				
	127	2	48.61267281531177	68.0	0.0	0.0	1	1.05	12.52457	230.0	17	1.05	0.95				
	128	2	18.24800030604796	25.0	0.0	0.0	1	1.03745	-11.27673	138.0	12	1.05	0.95				
	201	2	19.802150379531096	22.0	0.0	0.0	2	1.04841	-10.68973	138.0	21	1.05	0.95				
	202	2	35.570529385454	20.0	0.0	0.0	2	1.04844	-10.75906	138.0	22	1.05	0.95				
	203	1	33.00358396588516	37.0	0.0	0.0	2	1.01886	-10.47453	138.0	21	1.05	0.95				
	204	1	27.1362801497278	15.0	0.0	0.0	2	1.0189	-13.48479	138.0	21	1.05	0.95				
	205	1	26.03616068419829	14.000000000000002	0.0	0.0	2	1.03603	-13.61187	138.0	21	1.05	0.95				
	206	1	49.872082437337575	28.000000000000004	0.0	-100.0	2	1.03259	-16.15672	138.0	22	1.05	0.95				
	207	2	45.838311063729385	25.0	0.0	0.0	2	1.03973	-13.46606	138.0	22	1.05	0.95				
	208	1	62.7068095351818	35.0	0.0	0.0	2	1.01203	-16.22359	138.0	22	1.05	0.95				
	209	1	64.17363548922114	36.0	0.0	0.0	2	1.02781	-11.724090000000002	138.0	23	1.05	0.95				
	210	1	71.50776525941785	40.0	0.0	0.0	2	1.05	-13.47986	138.0	23	1.05	0.95				
	211	1	0.0	0.0	0.0	0.0	2	1.02735	-6.93336	230.0	23	1.05	0.95				
	212	2	0.0	0.0	0.0	0.0	2	1.01921	-5.253340000000001	230.0	23	1.05	0.95				
	213	2	97.1772194551063	54.0	0.0	0.0	2	1.03752	-3.2151	230.0	24	1.05	0.95				
	214	1	35.570529385454	39.0	0.0	0.0	2	1.04335	-4.68519	230.0	26	1.05	0.95				
	215	2	116.24595685761774	64.0	0.0	0.0	2	1.04327	4.63351	230.0	26	1.05	0.95				
	216	2	36.670648850983504	20.0	0.0	0.0	2	1.04556	4.70009	230.0	26	1.05	0.95				
	217	1	0.0	0.0	0.0	0.0	2	1.04847	8.81839	230.0	27	1.05	0.95				
	218	2	122.11326067377509	68.0	0.0	0.0	2	1.05	9.99473	230.0	27	1.05	0.95				
	219	1	66.37387442028015	37.0	0.0	0.0	2	1.03946	4.21233	230.0	25	1.05	0.95				
	220	1	46.93843052925889	26.0	0.0	0.0	2	1.0438	5.66449	230.0	25	1.05	0.95				
	221	2	0.0	0.0	0.0	0.0	2	1.05	10.63209	230.0	27	1.05	0.95				
	222	2	0.0	0.0	0.0	0.0	2	1.05	16.43203	230.0	27	1.05	0.95				
	223	2	0.0	0.0	0.0	0.0	2	1.05	7.181510000000001	230.0	25	1.05	0.95				
	224	1	0.0	0.0	0.0	0.0	2	1.01456	-0.9600500000000001	230.0	26	1.05	0.95				
	225	1	0.0	0.0	0.0	0.0	2	1.02735	-6.93336	230.0	23	1.05	0.95				
	226	1	33.00358396588516	37.0	0.0	0.0	2	1.01886	-10.47453	138.0	21	1.05	0.95				
	227	1	35.570529385454	39.0	0.0	0.0	2	1.04335	-4.68519	230.0	26	1.05	0.95				
	228	2	19.802150379531096	22.0	0.0	0.0	2	1.04841	-10.68973	138.0	21	1.05	0.95				
	229	1	0.0	0.0	0.0	0.0	2	1.04847	8.81839	230.0	27	1.05	0.95				
	301	2	44.51580410500611	22.0	0.0	0.0	3	1.0486	-9.34821	138.0	31	1.05	0.95				
	302	2	39.981787020236965	20.0	0.0	0.0	3	1.04864	-9.431	138.0	32	1.05	0.95				
	303	2	37.096503420838424	37.0	0.0	0.0	3	1.01045	-8.57689	138.0	31	1.05	0.95				
	304	1	15.250784739678016	15.0	0.0	0.0	3	1.01785	-12.18784	138.0	31	1.05	0.95				
	305	1	29.265019365328087	14.000000000000002	0.0	0.0	3	1.03609	-12.350050000000001	138.0	31	1.05	0.95				
	306	1	56.05693850260028	28.000000000000004	0.0	-100.0	3	1.0326	-14.942050000000002	138.0	32	1.05	0.95				
	307	2	51.522921417831135	25.0	0.0	0.0	3	1.03804	-12.54795	138.0	32	1.05	0.95				
	308	2	35.2416782497965	35.0	0.0	0.0	3	1.01056	-15.18287	138.0	32	1.05	0.95				
	309	2	72.1320899849636	36.0	0.0	0.0	3	1.02579	-10.44617	138.0	33	1.05	0.95				
	310	2	80.37575741181658	40.0	0.0	0.0	3	1.05	-12.30117	138.0	33	1.05	0.95				
	311	1	0.0	0.0	0.0	0.0	3	1.0283	-5.74069	230.0	33	1.05	0.95				
	312	2	0.0	0.0	0.0	0.0	3	1.019	-4.14604	230.0	33	1.05	0.95				
	313	2	54.61429670290101	54.0	0.0	0.0	3	1.03802	-2.41513	230.0	34	1.05	0.95				
	314	2	79.96357404047393	39.0	0.0	0.0	3	1.04631	-3.20793	230.0	36	1.05	0.95				
	315	2	130.66212871561976	64.0	0.0	0.0	3	1.043	7.05088	230.0	36	1.05	0.95				
	316	2	41.218337134264914	20.0	0.0	0.0	3	1.04558	6.59875	230.0	36	1.05	0.95				
	317	2	0.0	0.0	0.0	0.0	3	1.04785	10.34418	230.0	37	1.05	0.95				
	318	2	137.25706265710215	68.0	0.0	0.0	3	1.05	11.342620000000002	230.0	37	1.05	0.95				
	319	2	74.60519021301948	37.0	0.0	0.0	3	1.03953	5.91539	230.0	35	1.05	0.95				
	320	2	52.759471531859084	26.0	0.0	0.0	3	1.04389	7.19709	230.0	35	1.05	0.95				
	321	2	0.0	0.0	0.0	0.0	3	1.05	12.34122	230.0	37	1.05	0.95				
	322	2	0.0	0.0	0.0	0.0	3	1.05	18.06914	230.0	37	1.05	0.95				
	323	2	0.0	0.0	0.0	0.0	3	1.05	8.62112	230.0	35	1.05	0.95				
	324	2	0.0	0.0	0.0	0.0	3	1.01046	1.30606	230.0	36	1.05	0.95				
	325	1	0.0	0.0	0.0	0.0	3	1.04986	8.99332	230.0	35	1.05	0.95				
	326	2	37.096503420838424	37.0	0.0	0.0	3	1.01045	-8.57689	138.0	31	1.05	0.95				
	327	1	0.0	0.0	0.0	0.0	3	1.0283	-5.74069	230.0	33	1.05	0.95				
	328	1	15.250784739678016	15.0	0.0	0.0	3	1.01785	-12.18784	138.0	31	1.05	0.95				
	329	2	0.0	0.0	0.0	0.0	3	1.05	8.62112	230.0	35	1.05	0.95				
	330	2	0.0	0.0	0.0	0.0	3	1.04785	10.34418	230.0	37	1.05	0.95				
	331	2	54.61429670290101	54.0	0.0	0.0	3	1.03802	-2.41513	230.0	34	1.05	0.95				
	332	2	35.2416782497965	35.0	0.0	0.0	3	1.01056	-15.18287	138.0	32	1.05	0.95				
	333	2	0.0	0.0	0.0	0.0	3	1.05	12.34122	230.0	37	1.05	0.95				
	334	2	0.0	0.0	0.0	0.0	3	1.019	-4.14604	230.0	33	1.05	0.95				
];

%% generator data
%    bus    Pg    Qg    Qmax    Qmin    Vg    mBase    status    Pmax    Pmin    Pc1    Pc2    Qc1min    Qc1max    Qc2min    Qc2max    ramp_agc    ramp_10    ramp_30    ramp_q    apf
