function mpc = RTS_GMLC

%%%%%%%%%%%%%%%%%%%%%%%%%%%%%% RTS-GMLC Test Case %%%%%%%%%%%%%%%%%%%%%%%%%%%%%%
%%%%%%%%%%%%%%% By: Clayton Barrows, Ali Ehlen, Matt O Connell, %%%%%%%%%%%%%%%%
%%%%%%%%%% Dheepak Krishnamurthy, Brendan McBennett, and Aaron Bloom %%%%%%%%%%%
%%%%%%%%%%%%%%%%%%% National Renewable Energy Lab, Golden CO %%%%%%%%%%%%%%%%%%%
%%%%%%%%%%%%%%%%%%%%%%%%%%%%%%%%%%%%%%%%%%%%%%%%%%%%%%%%%%%%%%%%%%%%%%%%%%%%%%%%

%% MATPOWER Case Format : Version 2
mpc.version = '2';

%%-----  Power Flow Data  -----%%
%% system MVA base
mpc.baseMVA = 100.0;

    %% area data
    % area refbus
    mpc.areas = [
    1    101;
    2    201;
    3    301;
        ];

    %% bus data
    %	bus_i	type	Pd	Qd	Gs	Bs	area	Vm	Va	baseKV	zone	Vmax	Vmin
    mpc.bus = [
	101	2	33.513715576421056	22.0	0.0	0.0	1	1.04777	-7.74152	138.0	11	1.05	0.95
	102	2	30.100281582526318	20.0	0.0	0.0	1	1.04783	-7.81784	138.0	12	1.05	0.95
	103	1	55.85619262736842	37.0	0.0	0.0	1	1.01085	-7.21090	138.0	11	1.05	0.95
	104	1	22.963101413473684	15.0	0.0	0.0	1	1.01765	-10.56614	138.0	11	1.05	0.95
	105	1	22.032164869684213	14.0	0.0	0.0	1	1.03568	-10.70887	138.0	11	1.05	0.95
	106	1	42.202456651789475	28.0	0.0	-100.0	1	1.03242	-13.27944	138.0	12	1.05	0.95
	107	2	38.78902265789473	25.0	0.0	0.0	1	1.03745	-11.27673	138.0	12	1.05	0.95
	108	1	53.063382996	35.0	0.0	0.0	1	1.01024	-13.74967	138.0	12	1.05	0.95
	109	1	54.30463172105263	36.0	0.0	0.0	1	1.02610	-8.81524	138.0	13	1.05	0.95
	110	1	60.5108753463158	40.0	0.0	0.0	1	1.05000	-10.62063	138.0	13	1.05	0.95
	111	1	0.0	0.0	0.0	0.0	1	1.02764	-3.91674	230.0	13	1.05	0.95
	112	1	0.0	0.0	0.0	0.0	1	1.02024	-2.42424	230.0	13	1.05	0.95
	113	3	82.23272803473684	54.0	0.0	0.0	1	1.03943	0.00000	230.0	14	1.05	0.95
	114	2	60.200563165052635	39.0	0.0	0.0	1	1.04401	-1.73056	230.0	16	1.05	0.95
	115	2	98.36896146042105	64.0	0.0	0.0	1	1.04335	7.95970	230.0	16	1.05	0.95
	116	2	31.03121812631579	20.0	0.0	0.0	1	1.04565	7.56929	230.0	16	1.05	0.95
	117	1	0.0	0.0	0.0	0.0	1	1.04783	11.43417	230.0	17	1.05	0.95
	118	2	103.33395636063159	68.0	0.0	0.0	1	1.05000	12.52457	230.0	17	1.05	0.95
	119	1	56.16650480863158	37.0	0.0	0.0	1	1.03962	6.65777	230.0	15	1.05	0.95
	120	1	39.71995920168421	26.0	0.0	0.0	1	1.04399	7.74060	230.0	15	1.05	0.95
	121	2	0.0	0.0	0.0	0.0	1	1.05000	13.08653	230.0	17	1.05	0.95
	122	2	0.0	0.0	0.0	0.0	1	1.05000	18.94978	230.0	17	1.05	0.95
	123	2	0.0	0.0	0.0	0.0	1	1.05000	9.05617	230.0	15	1.05	0.95
	124	1	0.0	0.0	0.0	0.0	1	1.01155	2.38339	230.0	16	1.05	0.95
	201	2	40.277409991578956	22.0	0.0	0.0	2	1.04841	-10.68973	138.0	21	1.05	0.95
	202	2	36.175081196140354	20.0	0.0	0.0	2	1.04844	-10.75906	138.0	22	1.05	0.95
	203	1	67.12901665263159	37.0	0.0	0.0	2	1.01886	-10.47453	138.0	21	1.05	0.95
	204	1	27.59748462385965	15.0	0.0	0.0	2	1.01890	-13.48479	138.0	21	1.05	0.95
	205	1	26.478667679649124	14.0	0.0	0.0	2	1.03603	-13.61187	138.0	21	1.05	0.95
	206	1	50.7197014708772	28.0	0.0	-100.0	2	1.03259	-16.15672	138.0	22	1.05	0.95
	207	2	46.617372675438595	25.0	0.0	0.0	2	1.03973	-13.46606	138.0	22	1.05	0.95
	208	1	63.772565820000004	35.0	0.0	0.0	2	1.01203	-16.22359	138.0	22	1.05	0.95
	209	1	65.26432174561404	36.0	0.0	0.0	2	1.02781	-11.72409	138.0	23	1.05	0.95
	210	1	72.72310137368422	40.0	0.0	0.0	2	1.05000	-13.47986	138.0	23	1.05	0.95
	211	1	0.0	0.0	0.0	0.0	2	1.02735	-6.93336	230.0	23	1.05	0.95
	212	1	0.0	0.0	0.0	0.0	2	1.01921	-5.25334	230.0	23	1.05	0.95
	213	2	98.82883007192983	54.0	0.0	0.0	2	1.03752	-3.21510	230.0	24	1.05	0.95
	214	2	72.35016239228071	39.0	0.0	0.0	2	1.04335	-4.68519	230.0	26	1.05	0.95
	215	2	118.22165710491228	64.0	0.0	0.0	2	1.04327	4.63351	230.0	26	1.05	0.95
	216	2	37.293898140350876	20.0	0.0	0.0	2	1.04556	4.70009	230.0	26	1.05	0.95
	217	1	0.0	0.0	0.0	0.0	2	1.04847	8.81839	230.0	27	1.05	0.95
	218	2	124.18868080736844	68.0	0.0	0.0	2	1.05000	9.99473	230.0	27	1.05	0.95
	219	1	67.50195563403508	37.0	0.0	0.0	2	1.03946	4.21233	230.0	25	1.05	0.95
	220	1	47.736189619649124	26.0	0.0	0.0	2	1.04380	5.66449	230.0	25	1.05	0.95
	221	2	0.0	0.0	0.0	0.0	2	1.05000	10.63209	230.0	27	1.05	0.95
	222	2	0.0	0.0	0.0	0.0	2	1.05000	16.43203	230.0	27	1.05	0.95
	223	2	0.0	0.0	0.0	0.0	2	1.05000	7.18151	230.0	25	1.05	0.95
	224	1	0.0	0.0	0.0	0.0	2	1.01456	-0.96005	230.0	26	1.05	0.95
	301	2	44.00309243368421	22.0	0.0	0.0	3	1.04860	-9.34821	138.0	31	1.05	0.95
	302	2	39.52129598210526	20.0	0.0	0.0	3	1.04864	-9.43100	138.0	32	1.05	0.95
	303	1	73.33848738947368	37.0	0.0	0.0	3	1.01045	-8.57689	138.0	31	1.05	0.95
	304	1	30.150267037894732	15.0	0.0	0.0	3	1.01785	-12.18784	138.0	31	1.05	0.95
	305	1	28.927958914736838	14.0	0.0	0.0	3	1.03609	-12.35005	138.0	31	1.05	0.95
	306	1	55.41130158315789	28.0	0.0	-100.0	3	1.03260	-14.94205	138.0	32	1.05	0.95
	307	2	50.92950513157894	25.0	0.0	0.0	3	1.03804	-12.54795	138.0	32	1.05	0.95
	308	1	69.67156302	35.0	0.0	0.0	3	1.01056	-15.18287	138.0	32	1.05	0.95
	309	1	71.30130718421051	36.0	0.0	0.0	3	1.02579	-10.44617	138.0	33	1.05	0.95
	310	1	79.45002800526315	40.0	0.0	0.0	3	1.05000	-12.30117	138.0	33	1.05	0.95
	311	1	0.0	0.0	0.0	0.0	3	1.02830	-5.74069	230.0	33	1.05	0.95
	312	1	0.0	0.0	0.0	0.0	3	1.01900	-4.14604	230.0	33	1.05	0.95
	313	2	107.97055087894735	54.0	0.0	0.0	3	1.03802	-2.41513	230.0	34	1.05	0.95
	314	2	79.04259196421052	39.0	0.0	0.0	3	1.04631	-3.20793	230.0	36	1.05	0.95
	315	2	129.15722501368418	64.0	0.0	0.0	3	1.04300	7.05088	230.0	36	1.05	0.95
	316	2	40.74360410526315	20.0	0.0	0.0	3	1.04558	6.59875	230.0	36	1.05	0.95
	317	1	0.0	0.0	0.0	0.0	3	1.04785	10.34418	230.0	37	1.05	0.95
	318	2	135.6762016705263	68.0	0.0	0.0	3	1.05000	11.34262	230.0	37	1.05	0.95
	319	1	73.7459234305263	37.0	0.0	0.0	3	1.03953	5.91539	230.0	35	1.05	0.95
	320	1	52.15181325473684	26.0	0.0	0.0	3	1.04389	7.19709	230.0	35	1.05	0.95
	321	2	0.0	0.0	0.0	0.0	3	1.05000	12.34122	230.0	37	1.05	0.95
	322	2	0.0	0.0	0.0	0.0	3	1.05000	18.06914	230.0	37	1.05	0.95
	323	2	0.0	0.0	0.0	0.0	3	1.05000	8.62112	230.0	35	1.05	0.95
	324	1	0.0	0.0	0.0	0.0	3	1.01046	1.30606	230.0	36	1.05	0.95
	325	1	0.0	0.0	0.0	0.0	3	1.04986	8.99332	230.0	35	1.05	0.95
];
